============================================================
SIMULATION RESULTS SUMMARY
Generated: 20260106_115701
============================================================

Type       Nodes    Prob     Eps    PDR      PLR      Throughput  
----------------------------------------------------------------------
baseline   50       0.001    0.00   0.0580   0.2953   0.006840    
baseline   50       0.005    0.00   0.0578   0.2895   0.006960    
baseline   50       0.010    0.00   0.0536   0.2991   0.006600    
baseline   50       0.020    0.00   0.0603   0.3102   0.007120    
baseline   50       0.050    0.00   0.0556   0.3014   0.006740    
baseline   100      0.001    0.00   0.0045   0.4392   0.001040    
baseline   100      0.005    0.00   0.0056   0.4475   0.001280    
baseline   100      0.010    0.00   0.0061   0.4579   0.001380    
baseline   100      0.020    0.00   0.0052   0.4545   0.001180    
baseline   100      0.050    0.00   0.0050   0.4487   0.001140    
baseline   250      0.001    0.00   0.0001   0.6887   0.000020    
baseline   250      0.005    0.00   0.0001   0.7002   0.000020    
baseline   250      0.010    0.00   0.0000   0.7000   0.000000    
baseline   250      0.020    0.00   0.0000   0.7011   0.000000    
baseline   250      0.050    0.00   0.0001   0.7089   0.000020    
baseline   500      0.001    0.00   0.0000   0.8276   0.000000    
baseline   500      0.005    0.00   0.0000   0.8242   0.000000    
baseline   500      0.010    0.00   0.0000   0.8310   0.000000    
baseline   500      0.020    0.00   0.0000   0.8311   0.000000    
baseline   500      0.050    0.00   0.0000   0.8261   0.000000    
baseline   1000     0.001    0.00   0.0000   0.9136   0.000000    
baseline   1000     0.005    0.00   0.0000   0.9065   0.000000    
baseline   1000     0.010    0.00   0.0000   0.9099   0.000000    
baseline   1000     0.020    0.00   0.0000   0.9072   0.000000    
baseline   1000     0.050    0.00   0.0000   0.9082   0.000000    
rl         50       0.001    0.00   0.2559   0.0324   0.003080    
rl         50       0.001    0.05   0.2416   0.1800   0.011280    
rl         50       0.001    0.10   0.2195   0.2269   0.011000    
rl         50       0.001    0.20   0.2181   0.2393   0.011500    
rl         50       0.001    0.30   0.2561   0.2238   0.013420    
rl         50       0.001    0.50   0.2083   0.2263   0.012600    
rl         50       0.005    0.00   0.2237   0.0530   0.003680    
rl         50       0.005    0.05   0.2421   0.1760   0.011280    
rl         50       0.005    0.10   0.2254   0.2265   0.010740    
rl         50       0.005    0.20   0.2089   0.2355   0.012680    
rl         50       0.005    0.30   0.2085   0.2430   0.012660    
rl         50       0.005    0.50   0.2273   0.2336   0.011600    
rl         50       0.010    0.00   0.2494   0.0404   0.003960    
rl         50       0.010    0.05   0.2359   0.1813   0.011080    
rl         50       0.010    0.10   0.2350   0.2075   0.011560    
rl         50       0.010    0.20   0.2250   0.2296   0.012380    
rl         50       0.010    0.30   0.2170   0.2346   0.012120    
rl         50       0.010    0.50   0.2158   0.2356   0.012380    
rl         50       0.020    0.00   0.2229   0.0284   0.004320    
rl         50       0.020    0.05   0.2467   0.1888   0.010920    
rl         50       0.020    0.10   0.2224   0.2218   0.011940    
rl         50       0.020    0.20   0.2206   0.2385   0.012660    
rl         50       0.020    0.30   0.2215   0.2368   0.012320    
rl         50       0.020    0.50   0.2250   0.2430   0.012780    
rl         50       0.050    0.00   0.2538   0.0173   0.004520    
rl         50       0.050    0.05   0.2229   0.2116   0.010820    
rl         50       0.050    0.10   0.2235   0.2299   0.012120    
rl         50       0.050    0.20   0.2153   0.2232   0.011360    
rl         50       0.050    0.30   0.2184   0.2485   0.012160    
rl         50       0.050    0.50   0.2248   0.2335   0.013580    
rl         100      0.001    0.00   0.2309   0.0782   0.004220    
rl         100      0.001    0.05   0.1087   0.2945   0.008660    
rl         100      0.001    0.10   0.0936   0.3090   0.009000    
rl         100      0.001    0.20   0.0990   0.3040   0.009500    
rl         100      0.001    0.30   0.1055   0.3005   0.010200    
rl         100      0.001    0.50   0.0993   0.2982   0.009700    
rl         100      0.005    0.00   0.2072   0.0832   0.004520    
rl         100      0.005    0.05   0.1049   0.2936   0.008840    
rl         100      0.005    0.10   0.1019   0.3044   0.009860    
rl         100      0.005    0.20   0.1024   0.2998   0.009820    
rl         100      0.005    0.30   0.1014   0.2880   0.009760    
rl         100      0.005    0.50   0.0977   0.2909   0.009520    
rl         100      0.010    0.00   0.2231   0.0419   0.004440    
rl         100      0.010    0.05   0.1120   0.2879   0.008980    
rl         100      0.010    0.10   0.1025   0.3039   0.009540    
rl         100      0.010    0.20   0.0939   0.3046   0.009500    
rl         100      0.010    0.30   0.1079   0.3001   0.010340    
rl         100      0.010    0.50   0.1110   0.2934   0.010400    
rl         100      0.020    0.00   0.2227   0.0750   0.003840    
rl         100      0.020    0.05   0.0945   0.2914   0.008540    
rl         100      0.020    0.10   0.0909   0.3008   0.009120    
rl         100      0.020    0.20   0.0983   0.2959   0.009200    
rl         100      0.020    0.30   0.0961   0.3085   0.009440    
rl         100      0.020    0.50   0.0921   0.2991   0.008960    
rl         100      0.050    0.00   0.2256   0.0277   0.004620    
rl         100      0.050    0.05   0.1146   0.2934   0.009300    
rl         100      0.050    0.10   0.1038   0.2926   0.009200    
rl         100      0.050    0.20   0.0911   0.3043   0.009360    
rl         100      0.050    0.30   0.0990   0.2972   0.009540    
rl         100      0.050    0.50   0.0953   0.2916   0.009700    
rl         250      0.001    0.00   0.1312   0.2499   0.001740    
rl         250      0.001    0.05   0.0281   0.3732   0.004780    
rl         250      0.001    0.10   0.0309   0.3745   0.005280    
rl         250      0.001    0.20   0.0352   0.3793   0.005660    
rl         250      0.001    0.30   0.0302   0.3676   0.005040    
rl         250      0.001    0.50   0.0294   0.3825   0.004860    
rl         250      0.005    0.00   0.1389   0.2322   0.002240    
rl         250      0.005    0.05   0.0340   0.3711   0.005560    
rl         250      0.005    0.10   0.0311   0.3733   0.005180    
rl         250      0.005    0.20   0.0318   0.3719   0.005400    
rl         250      0.005    0.30   0.0279   0.3598   0.004780    
rl         250      0.005    0.50   0.0353   0.3845   0.005640    
rl         250      0.010    0.00   0.1721   0.1485   0.004020    
rl         250      0.010    0.05   0.0347   0.3792   0.005700    
rl         250      0.010    0.10   0.0321   0.3866   0.005220    
rl         250      0.010    0.20   0.0286   0.3712   0.004940    
rl         250      0.010    0.30   0.0306   0.3708   0.005140    
rl         250      0.010    0.50   0.0305   0.3645   0.005260    
rl         250      0.020    0.00   0.2056   0.0741   0.004580    
rl         250      0.020    0.05   0.0289   0.3838   0.004880    
rl         250      0.020    0.10   0.0332   0.3744   0.005360    
rl         250      0.020    0.20   0.0311   0.3796   0.005060    
rl         250      0.020    0.30   0.0340   0.3674   0.005520    
rl         250      0.020    0.50   0.0306   0.3673   0.005140    
rl         250      0.050    0.00   0.1526   0.1810   0.002800    
rl         250      0.050    0.05   0.0335   0.3757   0.005400    
rl         250      0.050    0.10   0.0314   0.3693   0.005240    
rl         250      0.050    0.20   0.0322   0.3681   0.005360    
rl         250      0.050    0.30   0.0328   0.3765   0.005460    
rl         250      0.050    0.50   0.0286   0.3760   0.004740    
rl         500      0.001    0.00   0.1775   0.1456   0.003900    
rl         500      0.001    0.05   0.0095   0.4362   0.002060    
rl         500      0.001    0.10   0.0084   0.4348   0.001900    
rl         500      0.001    0.20   0.0113   0.4401   0.002440    
rl         500      0.001    0.30   0.0121   0.4454   0.002620    
rl         500      0.001    0.50   0.0128   0.4478   0.002800    
rl         500      0.005    0.00   0.2168   0.0676   0.005700    
rl         500      0.005    0.05   0.0108   0.4364   0.002340    
rl         500      0.005    0.10   0.0095   0.4361   0.002100    
rl         500      0.005    0.20   0.0087   0.4392   0.001940    
rl         500      0.005    0.30   0.0127   0.4422   0.002700    
rl         500      0.005    0.50   0.0104   0.4433   0.002280    
rl         500      0.010    0.00   0.1394   0.2183   0.002200    
rl         500      0.010    0.05   0.0110   0.4358   0.002440    
rl         500      0.010    0.10   0.0125   0.4459   0.002700    
rl         500      0.010    0.20   0.0091   0.4301   0.001980    
rl         500      0.010    0.30   0.0116   0.4429   0.002500    
rl         500      0.010    0.50   0.0118   0.4402   0.002580    
rl         500      0.020    0.00   0.1691   0.1950   0.003200    
rl         500      0.020    0.05   0.0110   0.4372   0.002360    
rl         500      0.020    0.10   0.0112   0.4393   0.002420    
rl         500      0.020    0.20   0.0087   0.4334   0.001900    
rl         500      0.020    0.30   0.0120   0.4294   0.002620    
rl         500      0.020    0.50   0.0117   0.4401   0.002520    
rl         500      0.050    0.00   0.1534   0.2264   0.002980    
rl         500      0.050    0.05   0.0104   0.4423   0.002220    
rl         500      0.050    0.10   0.0095   0.4294   0.002140    
rl         500      0.050    0.20   0.0106   0.4391   0.002300    
rl         500      0.050    0.30   0.0109   0.4430   0.002360    
rl         500      0.050    0.50   0.0114   0.4354   0.002440    
rl         1000     0.001    0.00   0.1722   0.1907   0.003080    
rl         1000     0.001    0.05   0.0037   0.5418   0.000940    
rl         1000     0.001    0.10   0.0017   0.5314   0.000440    
rl         1000     0.001    0.20   0.0021   0.5411   0.000540    
rl         1000     0.001    0.30   0.0026   0.5350   0.000660    
rl         1000     0.001    0.50   0.0026   0.5331   0.000660    
rl         1000     0.005    0.00   0.1775   0.1917   0.003360    
rl         1000     0.005    0.05   0.0028   0.5395   0.000720    
rl         1000     0.005    0.10   0.0012   0.5261   0.000320    
rl         1000     0.005    0.20   0.0022   0.5373   0.000580    
rl         1000     0.005    0.30   0.0024   0.5311   0.000620    
rl         1000     0.005    0.50   0.0032   0.5358   0.000800    
rl         1000     0.010    0.00   0.1854   0.1432   0.003760    
rl         1000     0.010    0.05   0.0023   0.5369   0.000600    
rl         1000     0.010    0.10   0.0032   0.5361   0.000800    
rl         1000     0.010    0.20   0.0020   0.5238   0.000520    
rl         1000     0.010    0.30   0.0035   0.5343   0.000880    
rl         1000     0.010    0.50   0.0026   0.5285   0.000660    
rl         1000     0.020    0.00   0.2067   0.0760   0.005760    
rl         1000     0.020    0.05   0.0022   0.5382   0.000560    
rl         1000     0.020    0.10   0.0028   0.5393   0.000720    
rl         1000     0.020    0.20   0.0025   0.5335   0.000640    
rl         1000     0.020    0.30   0.0032   0.5308   0.000820    
rl         1000     0.020    0.50   0.0024   0.5369   0.000620    
rl         1000     0.050    0.00   0.1686   0.1625   0.004100    
rl         1000     0.050    0.05   0.0026   0.5307   0.000660    
rl         1000     0.050    0.10   0.0031   0.5403   0.000780    
rl         1000     0.050    0.20   0.0012   0.5295   0.000300    
rl         1000     0.050    0.30   0.0027   0.5289   0.000700    
rl         1000     0.050    0.50   0.0026   0.5267   0.000660    
